 <pre>

 Contingency table for Low clouds (octas)
 Selection: METCOOP    231 stations
Period: 20240310-20240326
Used {00,06,12,18} + 01 02 ... 12
 Limits    1.00000000       2.00000000       3.00000000       4.00000000       5.00000000       6.00000000       7.00000000    
 Each class is data <= limit, the very last > last limit
 Total number of values      145027
                                              OBSERVATION
                                  37546      938      842      670      717      595     1370     5350 |     48028
                                   1631      241      187      193      193      168      411     1302 |      4326
                                   1197      199      170      135      145      164      305     1147 |      3462
                     MNWC_prod      979      171      173      147      143      130      352     1179 |      3274
                                    816      190      164      151      154      164      408     1358 |      3405
                                    807      207      196      209      191      202      487     1797 |      4096
                                   1111      354      339      322      299      318      813     3244 |      6800
                                   3400     2519     2389     2535     2493     2854     7299    48147 |     71636

                    SUM           47487     4819     4460     4362     4335     4595    11445    63524 |    145027
                                              OBSERVATION
                                  38420     1137      990      816      910      738     1764     7294 |     52069
                                   1732      207      231      217      204      181      464     1715 |      4951
                                   1209      188      177      159      171      163      400     1470 |      3937
                   MNWC2_preop      992      205      176      157      171      165      408     1461 |      3735
                                    815      201      185      173      194      168      402     1607 |      3745
                                    806      243      203      183      190      210      528     2014 |      4377
                                   1028      348      340      354      313      300      918     3628 |      7229
                                   2485     2290     2158     2303     2182     2670     6561    44335 |     64984

                    SUM           47487     4819     4460     4362     4335     4595    11445    63524 |    145027

