 <pre>

 Contingency table for Cloud cover (octas)
 Selection: ALL    396 stations
Period: 20240310-20240326
Used {00,06,12,18} + 01 02 ... 12
 Limits   0.500000000       1.50000000       2.50000000       3.50000000       4.50000000       5.50000000       6.50000000       7.50000000    
 Each class is data <= limit, the very last > last limit
 Total number of values      185808
                                                       OBSERVATION
                                   6206      952     1022      570      346      437      402      514     1080 |     11529
                                   1726      356      543      368      261      360      479      606     1188 |      5887
                                    885      278      336      267      193      266      414      562     1175 |      4376
                                    673      230      290      253      227      286      384      633     1315 |      4291
                     MNWC_prod      617      222      284      247      240      314      467      753     1624 |      4768
                                    569      194      301      246      257      338      511      968     2163 |      5547
                                    589      249      318      292      252      387      665     1276     3212 |      7240
                                    875      344      440      436      426      639     1124     2556     6580 |     13420
                                   2594     1336     1506     1497     1483     2361     4836    21348    91789 |    128750

                    SUM           14734     4161     5040     4176     3685     5388     9282    29216   110126 |    185808
                                                       OBSERVATION
                                   6424     1042     1196      619      411      509      493      602     1413 |     12709
                                   1569      381      501      412      271      377      469      675     1447 |      6102
                                    916      259      352      259      224      290      394      617     1341 |      4652
                                    696      214      269      231      212      261      423      742     1408 |      4456
                   MNWC2_preop      610      205      262      247      205      300      427      831     1711 |      4798
                                    540      205      296      242      226      290      493      936     2382 |      5610
                                    659      247      310      298      258      388      706     1322     3473 |      7661
                                    908      319      465      417      441      631     1113     2567     6816 |     13677
                                   2412     1289     1389     1451     1437     2342     4764    20924    90135 |    126143

                    SUM           14734     4161     5040     4176     3685     5388     9282    29216   110126 |    185808

