 <pre>

 Contingency table for Cloud base (m)
 Selection: METCOOP    232 stations
Period: 20240310-20240326
Used {00,06,12,18} + 01 02 ... 12
 Limits    70.0000000       150.000000       300.000000       600.000000       1000.00000       1500.00000       2500.00000       5000.00000    
 Each class is data <= limit, the very last > last limit
 Total number of values      144096
                                                       OBSERVATION
                                   5748     4358     1441      477      246      213      158      132      260 |     13033
                                   1660     3953     2598      624      169      139       99       61      145 |      9448
                                    805     2934     5444     2363      435      246      119       89      243 |     12678
                                    539     1505     5286     8742     2554      768      394      226      642 |     20656
                     MNWC_prod      338      669     1614     4508     5849     2195      587      242      830 |     16832
                                    222      282      728     1082     1344     1972      795      175      421 |      7021
                                    158      233      461      798      603      842     1184      401      262 |      4942
                                    147      137      284      473      444      492      853     1855      591 |      5276
                                    782     1101     2228     3834     3715     3580     3788     4865    30317 |     54210

                    SUM           10399    15172    20084    22901    15359    10447     7977     8046    33711 |    144096
                                                       OBSERVATION
                                   3682     2851      902      314      155       71       41       35      167 |      8218
                                   1748     3521     1996      363       91       50       24       16      136 |      7945
                                   1138     3094     4920     1843      354      160       51       17      136 |     11713
                                    932     1986     5647     7834     2044      633      253       92      416 |     19837
                   MNWC2_preop      544      972     2007     4614     5120     1942      525      149      625 |     16498
                                    451      537      839     1304     1587     2040      689      144      468 |      8059
                                    306      383      666     1071      822     1100     1419      452      392 |      6611
                                    272      255      392      612      548      541      957     2155      736 |      6468
                                   1326     1573     2715     4946     4638     3910     4018     4986    30635 |     58747

                    SUM           10399    15172    20084    22901    15359    10447     7977     8046    33711 |    144096

