 <pre>

 Contingency table for Rh2m (%)
 Selection: ALL   1068 stations
Period: 20240310-20240326
Used {00,06,12,18} + 00 01 ... 12
 Limits    30.0000000       50.0000000       65.0000000       75.0000000       85.0000000       95.0000000       100.000000    
 Each class is data <= limit, the very last > last limit
 Total number of values      794302
                                              OBSERVATION
                                    146       86        8        0        1        0        0        0 |       241
                                   1409    10415     4131      729      214       33        4        0 |     16935
                                    543    17061    40430    14196     4210     1386      125        0 |     77951
                     MNWC_prod       40     3985    33750    44837    24137     6891      761        0 |    114401
                                      4      656    12732    41675    74756    40053     4093        0 |    173969
                                      2       79     2522    14069    62971   140234    39572        0 |    259449
                                      0        1      185      988     6692    44477    98565        0 |    150908
                                      0        0        0        0        2       64      382        0 |       448

                    SUM            2144    32283    93758   116494   172983   233138   143502        0 |    794302
                                              OBSERVATION
                                    170      107       16        0        0        0        0        0 |       293
                                   1328    11598     4753      819      239       93        4        0 |     18834
                                    586    16102    43889    16709     5175     1529      125        0 |     84115
                   MNWC2_preop       51     3635    31359    47998    28123     7900      974        0 |    120040
                                      8      737    11116    37909    80154    49049     5587        0 |    184560
                                      1       94     2398    12050    53679   138550    50786        0 |    257558
                                      0       10      227     1009     5613    36002    85924        0 |    128785
                                      0        0        0        0        0       15      102        0 |       117

                    SUM            2144    32283    93758   116494   172983   233138   143502        0 |    794302

