 <pre>

 Contingency table for Visibility (m)
 Selection: METCOOP    267 stations
Period: 20240310-20240326
Used {00,06,12,18} + 00 01 ... 12
 Limits    1000.00000       5000.00000       10000.0000       20000.0000    
 Each class is data <= limit, the very last > last limit
 Total number of values      199201
                                     OBSERVATION
                                   3487     4021     1388      944      852 |     10692
                                   1850    11826     6398     5558     7124 |     32756
                     MNWC_prod      729     3316     3860     4653     9576 |     22134
                                    521     1746     2405     5638    29462 |     39772
                                    851     3145     4318    13465    72068 |     93847

                    SUM            7438    24054    18369    30258   119082 |    199201
                                     OBSERVATION
                                   1956     2353      759      521      525 |      6114
                                   2025    11268     6048     5237     7025 |     31603
                   MNWC2_preop     1172     3998     3843     4338     7928 |     21279
                                    804     2372     2942     6137    28396 |     40651
                                   1481     4063     4777    14025    75208 |     99554

                    SUM            7438    24054    18369    30258   119082 |    199201

