 <pre>

 Contingency table for Low clouds (octas)
 Selection: ALL    623 stations
Period: 20240310-20240326
Used {00,06,12,18} + 01 02 ... 12
 Limits    1.00000000       2.00000000       3.00000000       4.00000000       5.00000000       6.00000000       7.00000000    
 Each class is data <= limit, the very last > last limit
 Total number of values      331950
                                              OBSERVATION
                                  82286     3051     2354     1782     1894     1673     3580     9361 |    105981
                                   4226      705      578      512      594      534     1135     2672 |     10956
                                   3110      599      550      446      480      501      981     2450 |      9117
                     MNWC_prod     2609      587      595      480      521      450     1112     2556 |      8910
                                   2303      613      546      530      520      532     1277     2910 |      9231
                                   2310      668      631      609      615      698     1546     3788 |     10865
                                   3234      971      967      845      968     1044     2615     6788 |     17432
                                   9366     5873     6253     5649     6650     7946    22552    95169 |    159458

                    SUM          109444    13067    12474    10853    12242    13378    34798   125694 |    331950
                                              OBSERVATION
                                  84968     3550     2821     2208     2432     2042     4775    13071 |    115867
                                   4305      714      655      576      626      580     1342     3555 |     12353
                                   3090      585      558      479      507      501     1202     3039 |      9961
                   MNWC2_preop     2604      577      521      449      545      549     1225     3102 |      9572
                                   2182      586      579      519      586      554     1251     3499 |      9756
                                   2187      702      639      506      640      697     1647     4371 |     11389
                                   2885     1044      994      850      954     1069     2741     7500 |     18037
                                   7223     5309     5707     5266     5952     7386    20615    87557 |    145015

                    SUM          109444    13067    12474    10853    12242    13378    34798   125694 |    331950

