 <pre>

 Contingency table for Cloud base (m)
 Selection: ALL    655 stations
Period: 20240310-20240326
Used {00,06,12,18} + 01 02 ... 12
 Limits    70.0000000       150.000000       300.000000       600.000000       1000.00000       1500.00000       2500.00000       5000.00000    
 Each class is data <= limit, the very last > last limit
 Total number of values      329314
                                                       OBSERVATION
                                   8659     6009     2205      969      541      442      334      302      753 |     20214
                                   2921     6315     4320     1514      556      249      172      164      256 |     16467
                                   1626     5662    11478     6073     1454      621      328      284      407 |     27933
                                   1198     2962    10681    21218     7780     2436     1094      846     1091 |     49306
                     MNWC_prod      695     1301     3111    10018    15901     6707     1758     1464     2314 |     43269
                                    561      731     1598     3288     5469     7760     3214     1472     1664 |     25757
                                    300      441     1035     1941     2144     3100     5292     1815      716 |     16784
                                    245      239      593     1338     1305     1227     2646     6133      847 |     14573
                                   1259     1482     3292     7103    10271     9428     8404    17772    56000 |    115011

                    SUM           17464    25142    38313    53462    45421    31970    23242    30252    64048 |    329314
                                                       OBSERVATION
                                   5272     3735     1386      703      372      166      103      144      477 |     12358
                                   2773     5332     3322     1132      385      108       45      101      186 |     13384
                                   1984     5648     9554     4961     1217      403      134      138      193 |     24232
                                   1725     3836    11385    18980     6745     2055      734      589      728 |     46777
                   MNWC2_preop     1142     1924     3921    10278    14768     6062     1658     1114     1786 |     42653
                                   1144     1248     1966     3743     5676     7540     2878     1350     1571 |     27116
                                    691      741     1489     2705     2639     3617     5645     2055      906 |     20488
                                    444      449      931     1756     1724     1552     3120     7246     1130 |     18352
                                   2289     2229     4359     9204    11895    10467     8925    17515    57071 |    123954

                    SUM           17464    25142    38313    53462    45421    31970    23242    30252    64048 |    329314

