 <pre>

 Contingency table for Visibility (m)
 Selection: ALL    714 stations
Period: 20240310-20240326
Used {00,06,12,18} + 00 01 ... 12
 Limits    1000.00000       5000.00000       10000.0000       20000.0000    
 Each class is data <= limit, the very last > last limit
 Total number of values      484803
                                     OBSERVATION
                                   6083     6892     2592     2003     1091 |     18661
                                   3512    19871    11176    10554     9395 |     54508
                     MNWC_prod     2202    15355    19772    26489    25392 |     89210
                                    913     5407    13973    33579    67867 |    121739
                                   1770     7694    17455    49679   124087 |    200685

                    SUM           14480    55219    64968   122304   227832 |    484803
                                     OBSERVATION
                                   3321     3846     1458     1111      732 |     10468
                                   3652    18511    10752    10329     9368 |     52612
                   MNWC2_preop     3126    16304    18704    24056    22839 |     85029
                                   1508     7304    16003    34836    65304 |    124955
                                   2873     9254    18051    51972   129589 |    211739

                    SUM           14480    55219    64968   122304   227832 |    484803

