 <pre>

 Contingency table for Rh2m (%)
 Selection: METCOOP    525 stations
Period: 20240310-20240326
Used {00,06,12,18} + 00 01 ... 12
 Limits    30.0000000       50.0000000       65.0000000       75.0000000       85.0000000       95.0000000       100.000000    
 Each class is data <= limit, the very last > last limit
 Total number of values      423188
                                              OBSERVATION
                                    111       65        8        0        1        0        0        0 |       185
                                   1139     7461     3245      616      187       28        4        0 |     12680
                                    485    10665    25608    10171     3307     1076      107        0 |     51419
                     MNWC_prod       37     2417    18713    25411    14993     4990      576        0 |     67137
                                      4      450     6556    21004    40250    25461     2812        0 |     96537
                                      2       58     1279     6701    28017    64339    19860        0 |    120256
                                      0        1       98      459     3465    18725    52130        0 |     74878
                                      0        0        0        0        0       21       75        0 |        96

                    SUM            1778    21117    55507    64362    90220   114640    75564        0 |    423188
                                              OBSERVATION
                                    135       84       16        0        0        0        0        0 |       235
                                   1052     7832     3557      687      200       80        3        0 |     13411
                                    540    10314    26897    11503     3919     1164       92        0 |     54429
                   MNWC2_preop       42     2349    18028    26862    17064     5569      717        0 |     70631
                                      8      469     5873    19455    42235    29736     3451        0 |    101227
                                      1       63     1050     5502    24136    63313    25143        0 |    119208
                                      0        6       86      353     2666    14772    46119        0 |     64002
                                      0        0        0        0        0        6       39        0 |        45

                    SUM            1778    21117    55507    64362    90220   114640    75564        0 |    423188

